’ 1111119118111111111111.111125. Any. 1874 betr. Volkeechulyeeetz. 93 .

0111111111111111311. Dieses (11111111 111 111111 111101111111111
1111111, 11111 11111111111113111 8111111111 111 111 1111111111 11111
11111311111111 1111, vem 8111111111111111111111111. 111811113111-
11111 1111111 1111111111 den 1111111111111 11111 111 81111111, 111
11111 11111 111111111111-111 111113111111111111111111111Β11111311·
1111, 11111111 11111 111 11111 1 der 111 1111111111 1111111111 111811111
besnehenden Kinder 1113111111 werden. Η1111111111111111111131111,
dass 111 8111113111 111111 111 3111111111 8111111111 11111118111111
11111111,.1111111 1111 11111 mie 1111 1111131111101111111111111111
1111111111111 1111111111 Β1111131111 3111111111 1111. 811111113111111-
1131 1111111 armet Eltenn 11111111 8. 5011111111111111131111
22. October 1840 (81111 268111 (111111- 111 1111111113111111111
vom Ι111111. 1840), 1111111111 nicht besondere 'Armeneehulen 1111111111,
111 8111113111 111111111Η11111111 3111111111111 111, 1111 Ab·
111111311111111111111,111 1111131111 811111 111 111 1111111111 11

bezahlggi 81111111 111 11111111111111Μ11111111111111118111111111111

, 11111111111111111131111111111311111811111811111111111111111ᾗ

Neeh 81111113113 111111111111111111 durch 111811111111111111 1111
111 1111111111 811111111111111113111111113111 81111111111111
111 1111111111113, 1111111113 111 1111111113 111. 81111111131
sich 11111111111111. ζ1111111131 ’1111111111 1111131, 11111111, 111
111 zum 8111111111111 3111111311,1111111 polit 11111111 0111111111-
verbanno 1111111111 81111111111 111 11111 Β1111111 1111111 ihrer
’11111111 11111111,1111111 81111111111111111111111111 einznheben
Wegen 111 111111 11111 anderen 111 111 311111111111111111131131-
1111111111,1111 11111111, 111 polit 1111111 011111111111111111 11111
Μ1113111 111 111311 11111113113 111 (111111111111311 11 111-
11111111111 11111111111111111111111 11111111.

Wegen 1111113113 111 11111111 1111111111111111111 81111111
111 1111111111 11111111 11 111 111 1111111111 beiden 1111111113 nem
12. October 1841 (Seite 28213 1111111111- 111111111111311111111
1111111111 1841) 11111118. 14 1111111111111113311111111111-
111311 sind 111111 1111111 113 vom 8111111111111111 111 Bezirkssebul-
inspeetion nn 1111111111, welche den Bederf der 1111 11111111 1111111-
1111111 8111111 11 111 111111 11111111111 11111111111111811-

1131131111111311 1111111111 111111, 11111111111111111 111111111311 -

31311 111 111111313113111 Jahn 1131111, dem. 1111111111111 111
0111 111 111 1111111111 111111111111 111 1111111111 111111 11111113 111
1111111111113111111.110111 1111111113 vem 12. 01111111841
11111, ’111111 11 8111111113111111111111,,.111311111111

 

