, 74 11111191. 811111. 811111 vom 26. 1111118731 Volksachulweom.

in 111 8111111111111 111, doeh 1111111111111118111111111111181-
111111111111 1111111111 Β11ιι11 zusammengeschlagen 11111111 «
21111111111111, 111 11 811111111111, welche 11111111
81111111 1111111111, 111 11111 111111111111111111111111911 1111111-
11111111 1111111 von 1111111, 11111111111118111111111111111 -
· 3 1111111111111 11111111111,1111111111 111 81111111
1111111111 '
4.1n dem 111111,1111111Ρ111111111111118111111111111111111,
, 1111111 111 111111111118111111111111111111111011111111111111111

- Β.111118111111,11111111111111111111118111111111111 ·

1131111111, 11111 111 81111111111111111 1111111131111111111
11111311111111111111. 122. 11111123 111 1111111111 8111111111·
1113) zusammengesetz't und 1111111 111811111111111111111111
Stellung 11111111111111111111 11111 1111111 (55. 1211111114.
1111111111111 8111111111111) 1111.’

1111111111 11111111 8811111111. 111111 111 2111111111-
1111111· 111 1111111111111111111111, 111 1111111111 1111111111
Bestimmimg wegen 111 Mitgliedsehaft von 1111111 111811111111111
111111111111111111111111 1111 111 ’11111111 111 1111111 11111111
Angelegeuhoiten 111 811111 1111111111 81111111 11111111 ihm und
dem 8111111111 111 111 0111111111 Bestimmuug 111 1111111.

’1)1111111111111111111111131111111 1111111111, 111 dom
1111111111 81111111111111111111111111 8111111111 111-81111111
81111111 111 81111111111111. 81111111 11111 11111111 1111111 (11111-
1111111111111111 111 8111111111111, 11 werdon 111 durch 111111 oder
111111,11111111111111111111111111111111,1111 81111111111111
1111111111.11111111111111111111 11111 1111111111 11111111111111
geordnet. .-

5. 26. 81111111111118. 25. 1111111. 1. 3111111111 811111
1111111111 111111111111111 111 111311111181111111111111111111111
111 111 1111111 1111111111 1111111111 11111111111118111111111111111111
1111111111111 1111111111 111111111111111111111111111 Mikglied
111 111111111111 811111111111111111, 11111111 1111311111 111 81111111-
11111111 111. 111 111111 11111111111111111811111111111111111911.
11111 (1111111111111111 tung 1111 11111 211111111ιί1 111 111111111ιί11.
1111111111 der 1111111111 1111111111111111111118 1111111·
1111111111 111111111111111811111111111111111 81181111111111111
1111111111111111111111.[11111111 gut 1111111111 111 (111 111111
111 1111111111. “

111111 11 in 111 8111111111111111111 (5.25.A.l. 11111111
111111 1111111111111111 111 1113111111. 11181111311111111 1111

 

