6 16616. 06696. Epp. 11. ,1666118806 Strafversehrerc 966661161611616.

111666616661661166 6666, 1666 116 1116666611 166661666 161 6166
6661661666 6166 6666116666 (1661666611, 16166 jeder 6661611166 66666-
’ 16611166 Zweilel 666611161161. ’

XVII. DIe Persenen welche 66 666666666 6161, 661166 immet

¹ einzcln 6666161 werden.

XVIII. DIe Β66616-616616666111666666666666616666, 66611
nicht 6666161166611161661666 66166666616666, 6111166 666666666 wer·

, 166 661 1661111 6666, 66 611616 661116Ρ11166116611666166611666

6661666161 werden.

XIX. 6166666666 6666666166 6166 16 61666 661666 1111-
cese eich befindender 166666 wind 666 66661116 666 166 6166666666
11661616 166 06166 66161661, 16166 666166661666 6166 1166166666
166 Τ661666166166 1666666161 661 116 66666616 Β661616 6616661661
166 Β6666ι66 66166 6666661666 166 Nermen der 6666666611666
6666166666.

ΧΧ.· Sc 611 16666616 Β616611 166 1661666666 6166 16611666

166 86666, 6166 6666161166 666661116666 [16616616 6666666666 werden ·

661 61661 66666666 werden 116666, ’661 66 weil 66 61661661666666661
661, 616 zu 6111666 6166 weil 616 166 1166161666 hcine Pelge 1616166,
66 66661666 16666 16 166 66166 1166666666 und 66661166 66-
gang dersclhen 16666 116 6666666 6616666 666666 66 66661666, welche
durch eine MillhciIung ((16 661616) 6166 661 6166661666 116166 666
166 1166616166 66661166 66666, 66661666 116 116616166666666 6666-
6161116161.
’ XXI. Wenn 61166 666666611 werden 161, was 611616 ,161, um
die Τ661 und (116 166661666111661611 166 666666661116166 166166-
6161166, 616116666166 zum 1166666 6666616166.
XXII. 16166166161666 werden 166, 6666 116 1116616611 66
61661 666616161, 6616166666 116 66666 166 666666666 666666111666666

66661666166 6666161, 16611 66 6166 666 1661661116666 6666661166 6666.
XXIIII. 1116666666 666666 166 666666166661116666116666

6166 66666 6616666 [16616616 66 6166116166 6666, 16 1661661616666· , ἢ

“ 6616 116661666 66661666166 66 661666, 66 6666661666 666, (1666 66
661661661661 161, zu 6666661666, demit 66 6166 16 61666 66666166 66-
66666666611666 vertheidlge.

xij chn er sich 6616661, 6166 166 (16616616 zu 6161166,

616111616166666666661 661 16 166661666166 616 666666666666 3

66666616616666616661666661666616616666 661666 6666 6666666666

616161, 66 6161 66 616 contumax 6616666161 661 616 6616666 inWirk· ¹
11661611 6666661611, 666666666161, 1666 66 6666616 6666666666 Η16- ’

1666166 666666661666, 6666 jener 16616166666166116166 leichet.

 

