ffllfflffm Heflhss'sprechunff 1133 313-1113311311. Heiehsyerschsss [mam. 313

1111 1113 3133 3311 3311313 1131 (1133113313 1131 [13113111313333 133 Eligen-
thum 3331113331 worden, 1311311111 31331131ῃῇ1

11333 3111111311 1113 313331331311133 1133 03333113333133313, 11333
111333 13131313 3311333333 1133 33333133333 ῚΙ113133111111133 33113111 313
1133 11113111131133 ’1131331133 1133331 3313313333, und 13111 113131 1133 111
[1331331113131 11111131 11111133 33113333, 131 111131113333 3133113, 11131 3131111
33133331331111 3313 11333, 1131 333311311333113111131 33311 1131 3311133 111113-
1311133313331111 11331111 1133 3313 1131111111ἲ 11333 313 313311 ssu· 1113 Fffitig-
1131113131) 3111331113333333131113111313333, 1113131133 133 11131 313 3111
113331111133 13133133333 11311133, 111313131131111 (33113111 111313 (3131);

11333 11333 1113113311 1133 angegriffeue 111111333111133 1113 1133113113
1113113 1131· Bulla 1131113 3313313331 11311, 11333 1131· 1113333133113 3133131113
Verpssisshtuwy 3111 31333133311131133 113331113133113 133 Η3333111 ssit-
1113 1113311313 3311 [1331331133 1113111 11113133131333 113113, 11313111 1331111-
11311 3131111 131-31333333 1131-11311 1311.

Wir 1131133 1113 Gna-finde vnllfltauffig mitgetheilt‚ 3133133113 331
1113 3131133 1131133 11313113113111131, 13313113 1133 [It-then 33 31133113 ge-
bracht 11311311, nieht 33 11313 1131331311 311 133333, 3311131331113 313 11313
3333131133 [13331 3133 331331313311133 Kriffik 33 31133Η11311331 [133313
11111111 131 11313. [131 31113133 1131331131113333313311 131 [113 1131311 311311·-
1113311 33311 111 1131 3311113333 3111333113 11111 1111113311. 11311313311311333
11ίῖ33113 1133 Effiniffffl Wafl 1311131 13111 11313113333313113113-Η311111-
33111333 3311 113111 melini: 133 1311] 3311111311311131 1331 3333111331133
11331111 steht, 1311 3113111133 Ahssshwssifung. 1133 1131 1111113113 1133 Κ11111ἕ311

31131· 31131111 131 131313133333 0113133113311 1131 113113 11313 wart! 1131
[131-’1133111331 1311 33311 1311311 [131 [1311133113-1311113 1111111 23. 1133331

1321, 1133 1113 13331111311311 Fffl-fffiyunyem 1131311111, [3333333333. Ε3
iat 31131· 13 1131 Gflflfltz-Sammlung 3133 1133133113 Uehflrffitzung 113133-
ffigt, 13313113 13 113131- 1131131133111133 1113 11333113 1133 Kssnigfl: 111113111-
briugt, 111131 1333 wil-d 333 113311 3131111 3131131133 3131133, 11333 1113εΙ
313 3. g, »11133331331131 Kniffi: 331 ., 1131311 1113131133 [113 3331133111131133
3331111311311 1⁷3eransz 13 Fragfl gflatssllt 1131-1133 31111113311 [133
1111131331131111 1131 1131311 1113 Gaba-O. 3111131133 13131113333 5333111311 1131·
1111113. 11111131 33111311 333333133133, 11333 33 31311 313 3133 11333113 [133
Remigs: gehandelfi 113113, 11313113 3113 313 [1333113311 13133111· 11311133
1131111113, 1113131131 [113333133113 Efinig 11311 11333 1331333311311 1313311119 Μ 311
wit-d antwurtfln: 3311111331 113113 31311 1113 8133131311333333 Ε333113111.
1111131 11333 131 ,13111 1321 1131 &tuat 1131311 1133 Kfinig 1311131133.
· vem-de, 131-1311111 11333 313 3113311 333 3911311311 und 331 Widerruf 31113

Ssshenkung? ,13311113 fundamentum rssgnssrum! 1133 13ὔ3111133 11111133
3*

