11611161.66666.(1661116611126 6661618731 509599999909999. 79

6) 161 6116 11611666 Or 9 666 6661616616666616616166666 116·-

’ Ζ’161111111166161Β611111666161666666666 ,.

, Die· 6116 666661 66186666666666166 66666· ιιι 666 ιιι 611166 59
; 99h959119is9 59595595 Ang9legeuh9ite5 g9mei9991995 61166 1166- ,

, 6666666666 zu 161166 666 16 16116666.

U9b99 6666166 1116166666161666116611611666 66161 166611 666-
666616111116 6661666666616666161 166 666666· 111 allen 6161161166,
wo 16 6666666, 661611 3661661666 61116666 661 6611116666611666666166
166, 6166166 61666611 661 66116166661666666 1161 61116611 19599 (1616611161
959h gegenuberstehen ‘³

5 35. 1161 W1rkungs199919595 661111666661666666166 16116661
6611666661εὸ 16166666 (1666661661 ’ ’ A

1. 616 66166161 116 559551'5555 6111666 1191199955199995 66-

1 1111166666 ’11666116 666 5999555559113' ’·

2 ’616 11616 9555 661 11616666166666 6661 559· 666 1599'9551595995
616 0661661616666 6 61 6666166666Β66611611666 16666116116661166666
666 816616166661611616, sowie 6661 616 1166661666 661 6611 6661611
6616666666 1399559'3 '¹ '²' · ’

3 616 11111666 666· (1666661666 661661 61616111 666166661- Ι
1111666 6666666666611166661, 66616 6616666166661616666666 ¹

4 die 66666666 66166666611666661116116666 11661 616 16661· ’
6666116666 und 6666661611666616, 1116616111 61661 66611 666116 055999
6666 61611 161666· · ·’

5 616 11161 sung 661 6661161661 1159119951959 6661616611-61661
61666 6616666166, 661116 616 116116616616116 1111116 5555515115 661

, 36161666661666666666· -

6 116 5999911'99995 16 6166 61 611116 6666· 16 6661611166 661616611-
6616166661666 6661 6666166 6166166166 61661616 ’66661666 666 L'eist'-
un'gen zu 8666116666611 666616 595599951 555 611-ιι 11666666 um Ζιι-
66611666 666 116661 616166616ς '³ · ⁴ ·

7. die 6116666616166616166666161666166666616666111666611 6661
8666116166 66666 666 666666 1161611166666 (5. 2116166666 14) ’ 661116 166
6666661666, ’1161666 599 6666166666 111166 66116111 666161166;

8. 599 01661611661161166166 59595 666161 1116616616 616· 116
5 23. 6666666666] 11166166; ’ ’ · ·

6) 616 666666 166 6166 6666 666 61166166666663 von 6611666666
66661661166666 6661 6666616 595519555959555959ndi991195999S911111· ’
6666166.

11616111 661 1116166166666, Regu 199115911595 6661 5599195555599
666 (1666661666666 661 6611116666616666666166 1611 6661 661 1111661
66666 6666166 sich 6616616, 661 616 951919 mit 661 16616166 6166

 

