96 15115191. 85515515555555555255551874ὓὲἷῆ1515551555515.

15155555, 5555 515 ’15511 555 555511551555 Jug 555 555555555555
855515555551551 555511.

Β51 55555555 555 8555155555555 5515555555511515555555555
8151155, 55555 555555515553 55555515555155, 1555555555- 555 Grund-
stficksnutzungen. 551555 555555 555555555555 05555 5555 055555511555
55 5555155555 51555, 555 55 555511555ς 55 155 5555 555 5555555555
15555555 5511555 5155515511 (155 gange 5151555155 5151555555 155555-
55555555 555 55555515 555 15555 hiernach 551 5515 ausser dem
neuen (1555115 «let 855115 5555 55555 55 3555555555115555555, 55551 “’
1555515 5155 5555 5515515155 5555555555 51515515555 1155155555 555
5555155 555 555 5535555555 05155 ausser 5555515155115555555151-
555 555, 55 5551555555. meses 555555515555515551555155 15555·
, 115551 555 5555 51555515 5555555 5555555555 55555 5555 5555515555
55155555 55155, 555 dem 55555551555555 ’1155115 zu gewahren 555555
5555, 55555 515 5555555555 5555 555 1515155555555 555 551555
855515 55551515555551155551555 51555, z. Β. 5555515 85551555 55-
55555 5555515555 55155, 155 515 (1555555555 555 5515555513555 551
5555555555 515155 55 5551155.

5515155 5155 5555555555 8555155555555155 15155555515551555 ;

555 5515555155, 5555 5555 515 155555555555555 vom 5155555 3. 5554.
555555555 5155, 55155 5551551155 555 Bediugungen der 1555555555·
5515555 555· (1555515555 555 35155555551155515555555555555551555.
Erlolgt dagegen 515 1555555555 555 5555555555 odorans (15515555,
555 55555 515 555 555· 555551551555555 1155551555 nach 1155. 4. 555-
15551- 5555555 15555, 55 55155, 55555 15555 515 Bodingungen 555 Aus-
einandersetzung eine Vereiuigung 515151 55 855555 15555555, 515 555-
5555155555 1155551555 55 51555 5555555515553 an die im 15555555
5151555555 5555 555155115 55 555 155551515515555551155 55155. Nur
5555 5555155555 85551555 5551555555 5155, 55155 515 15 555 115351
555 5551555555555 5555551155 5515, 51555 ’15511 515555 85551555 55
555555555555. - v ·

Das Vermogen 555 515555 5555515555511 1115555 855515 55 Grund-

- 555155 ,11551551 555 5511555355 555515155 1155551555 unget 155115, 551555

551555 von 5555 555555555555 1551551555551555551555555 55555555
551 15511555 5555555 55155.

Dio 1555155115515511 55 5551555555 555 [155555515555 55555555
5555555555 11555 511515 555 55555551555555 55.

(Zu ᾗ. 19. 555. 1. 5. G.) 5211, [115 8555155555 1515555555-
55555555 55151555 555 8555155555555 55 555551555.’ ·

Die. naheren Bestimmungen 5555 515 555 555 115155 555 (155555-
55555515555, 555515 5555 515 Siche'rstellung (155 8555155555 (1.5. 555

 

