Ρ1,1111911101111, 0111111111119111 111 11111. V.-G.·H. 187911880. 153

111, 111 nach errorung 1111 11131111113113111111131- ’
11111111111111111 Weiteres 1111111311.

1111111111 eom 13. Jelr· 1880 (8111111119 01. Ι. S. 148111).

111111 Verlahren 11111111111311111111111111 1111110111111
111 ,011111111111111311 1111111311 81111 11111111111111111111111
11111. 2111111. 1, 1111111111 111 ᾖ. 213. Abs. 1. der 0111111-
011111111111-0111113 31111111 werden. Wenn 313111111111111111111
1111111111 einer Kreieregierung‚ K. 1. 1.111111111111111131111111·
11111 111 Besehwerde 1111 011111111131311111111111 1111 111111111-
1111 111 311111111111 01111 111 1111111111131311011111111111111-
11131111111111131111111, ven dieser 1111 11111 mehr 1111111113 111
11111113111113 11 111113131111111 111 1111111 111 111111111111
111 1111111111131111111 werde, 11 kann die 8111111111 111 011111111-
111111111311111111 nieht als 111 1111111111111131111 111 81111111

ᾗ. 211. Abs. l. der Reiehs·Oivilproeess·Ordrung 3111111 gemacht
werden. .

Der 1111111111111111 01111111, 011111111131111111 Nemone,
kam im 11111 1879 11 0111113113. 0111111111. Κ11111111111111113
01111111 1111111 111 111111111111111111 3111111, 111111111111111
1. 1113111113 111 81111111 111011111330. Sept. 1879 1131111111. Χ
01111. dem 15. October 1879 11111 111 Κ1111111111111113 01-
11111111, 11111 1111 1111 1111111 1111111111013111111111111113
111 111111111111111113111113 111 1111111111 111, 111 1111113. 11111
1880111111111111 11111111111111131111111. 011 Kirchenverwal-
1113, 1111111111 1111111111111115. April 1880 1131111111 werden
111, 1111111111 111 dem 811111111101111111 1111 11 1110111111
1113131111111111 3111111111 0113111 1111113111131, 1111. 6. April
1880, 11 11111111 11111111 111 0111111111111113 11 111 1111311
81111 31311111 111111 111Β11111111111111111111. Dieser-Antrag
1111111111113111111, 1111 111 1111 3111111101111111111111
15. October 1879 1111 Tege vor 1111111111 11113111111Β111111111-
frist bei dem 0111111111 1113111111 worden 111111111111131111
1111111113 11 111 1113111113 gelaffit 1111, 1111 111Β1111111111111
1111 1111131111311 111Κ1111111 111111111111111113

01111 111 1111111111113 111 11. 811111 vom 21. Mai 1880
11111 111 1111111113 111 1111111111113 111111Ρ1111111111.
111111111313111111111111 1111111111. 0111. 011111111111111111111111
1111 11111, 1111 111 01111 111 ξ. 213. 111. 1. 111 ξ. 212. 111
Civilpreeesserdnung 1111111111111111111111 111111111111 11 11-
1111111 111. 011 0111111111111 3113 111111 1) 11111111111131111

 

